lastAccountName: jordan2312
timestamps:
  login: 1405275180313
  logout: 1405275237169
ipAddress: 151.231.97.234
logoutlocation:
  world: world
  x: -163.52992586578335
  y: 65.0
  z: 251.55691155514023
  yaw: 267.91663
  pitch: 14.745595
lastlocation:
  world: world
  x: -141.30000001192093
  y: 68.0
  z: 245.837879764893
  yaw: 218.10733
  pitch: 13.788699
