lastAccountName: frash23
timestamps:
  login: 1405095907639
  logout: 1405095916926
ipAddress: 2.108.214.80
logoutlocation:
  world: world
  x: -157.7746792990522
  y: 71.0
  z: 271.16257465479134
  yaw: 147.68977
  pitch: 49.719437
