lastAccountName: math417a
timestamps:
  login: 1405272037655
  logout: 1405272197082
ipAddress: 87.56.40.136
lastlocation:
  world: world
  x: 39.239883571232106
  y: 65.0
  z: 336.75866850494174
  yaw: 145.30688
  pitch: 4.1999927
logoutlocation:
  world: world
  x: -159.5
  y: 63.0
  z: 252.5
  yaw: 0.0
  pitch: 0.0
